            blue    flower       the     house     apple
la      0.166667  0.208333  0.416667  0.208333  0.000000
maison  0.166667  0.000000  0.416667  0.416667  0.000000
pomme   0.500000  0.000000  0.000000  0.000000  0.500000
bleu    0.388889  0.111111  0.222222  0.111111  0.166667
fleur   0.166667  0.416667  0.416667  0.000000  0.000000
            blue    flower       the     house     apple
la      0.132485  0.176924  0.513668  0.176924  0.000000
maison  0.097858  0.000000  0.379413  0.522729  0.000000
pomme   0.428571  0.000000  0.000000  0.000000  0.571429
bleu    0.608847  0.060684  0.169277  0.060684  0.100508
fleur   0.097858  0.522729  0.379413  0.000000  0.000000
            blue    flower       the     house     apple
la      0.092750  0.142636  0.621978  0.142636  0.000000
maison  0.049978  0.000000  0.335151  0.614870  0.000000
pomme   0.326951  0.000000  0.000000  0.000000  0.673049
bleu    0.764467  0.029939  0.119544  0.029939  0.056110
fleur   0.049978  0.614870  0.335151  0.000000  0.000000
Number of iterations until convergence: 3

la = the
maison = house
pomme = apple
bleu = blue
fleur = flower
